
************
-sigma           = 30
-PSNR_basic      = 32.828
-RMSE_basic      = 5.82292
-PSNR            = 34.5737
-RMSE            = 4.76273

