
************
-sigma           = 30
-PSNR_basic      = 34.7603
-RMSE_basic      = 4.66152
-PSNR            = 36.9209
-RMSE            = 3.63493

