
************
-sigma           = 1
-PSNR_basic      = 66.1545
-RMSE_basic      = 0.125549
-PSNR            = 48.8678
-RMSE            = 0.918646

