
************
-sigma           = 40
-PSNR_basic      = 29.5527
-RMSE_basic      = 8.48999
-PSNR            = 30.3745
-RMSE            = 7.72355

