
************
-sigma           = 40
-PSNR_basic      = 29.6562
-RMSE_basic      = 8.38937
-PSNR            = 30.4208
-RMSE            = 7.68246

