
************
-sigma           = 40
-PSNR_basic      = 29.6242
-RMSE_basic      = 8.42032
-PSNR            = 30.3778
-RMSE            = 7.72062

