
************
-sigma           = 40
-PSNR_basic      = 29.6191
-RMSE_basic      = 8.42529
-PSNR            = 30.4046
-RMSE            = 7.69676

