
************
-sigma           = 40
-PSNR_basic      = 29.6502
-RMSE_basic      = 8.39513
-PSNR            = 30.4135
-RMSE            = 7.68894

