
************
-sigma           = 40
-PSNR_basic      = 29.6987
-RMSE_basic      = 8.34844
-PSNR            = 30.4792
-RMSE            = 7.63099

