
************
-sigma           = 40
-PSNR_basic      = 29.5625
-RMSE_basic      = 8.48038
-PSNR            = 30.3263
-RMSE            = 7.76652

