
************
-sigma           = 40
-PSNR_basic      = 29.6037
-RMSE_basic      = 8.44027
-PSNR            = 30.3559
-RMSE            = 7.74003

