
************
-sigma           = 40
-PSNR_basic      = 29.5922
-RMSE_basic      = 8.45143
-PSNR            = 30.3778
-RMSE            = 7.72059

