
************
-sigma           = 40
-PSNR_basic      = 29.6157
-RMSE_basic      = 8.42862
-PSNR            = 30.3931
-RMSE            = 7.70697

