
************
-sigma           = 40
-PSNR_basic      = 29.5186
-RMSE_basic      = 8.52339
-PSNR            = 30.3066
-RMSE            = 7.78409

