
************
-sigma           = 40
-PSNR_basic      = 29.5911
-RMSE_basic      = 8.45247
-PSNR            = 30.3548
-RMSE            = 7.74104

