
************
-sigma           = 40
-PSNR_basic      = 29.5834
-RMSE_basic      = 8.45997
-PSNR            = 30.3786
-RMSE            = 7.71986

