
************
-sigma           = 40
-PSNR_basic      = 29.1575
-RMSE_basic      = 8.88512
-PSNR            = 30.2668
-RMSE            = 7.81992

