
************
-sigma           = 40
-PSNR_basic      = 29.6749
-RMSE_basic      = 8.37139
-PSNR            = 30.4859
-RMSE            = 7.62509

