
************
-sigma           = 40
-PSNR_basic      = 29.4416
-RMSE_basic      = 8.59924
-PSNR            = 30.4013
-RMSE            = 7.69973

