
************
-sigma           = 40
-PSNR_basic      = 29.6532
-RMSE_basic      = 8.39231
-PSNR            = 30.4288
-RMSE            = 7.67543

