
************
-sigma           = 40
-PSNR_basic      = 29.4952
-RMSE_basic      = 8.54631
-PSNR            = 30.3781
-RMSE            = 7.72033

