
************
-sigma           = 40
-PSNR_basic      = 29.5993
-RMSE_basic      = 8.44448
-PSNR            = 30.3783
-RMSE            = 7.72015

