
************
-sigma           = 40
-PSNR_basic      = 29.6534
-RMSE_basic      = 8.39205
-PSNR            = 30.4267
-RMSE            = 7.67727

