
************
-sigma           = 40
-PSNR_basic      = 29.6253
-RMSE_basic      = 8.41926
-PSNR            = 30.3766
-RMSE            = 7.72165

