
************
-sigma           = 40
-PSNR_basic      = 29.6244
-RMSE_basic      = 8.42019
-PSNR            = 30.3907
-RMSE            = 7.70917

