
************
-sigma           = 40
-PSNR_basic      = 29.6802
-RMSE_basic      = 8.36625
-PSNR            = 30.4598
-RMSE            = 7.64808

