
************
-sigma           = 10
-PSNR_basic      = 36.2853
-RMSE_basic      = 3.91091
-PSNR            = 36.2848
-RMSE            = 3.91109

-PSNR_basic_bias = 37.4666
-RMSE_basic_bias = 3.41357
-PSNR_bias       = 38.4787
-RMSE_bias       = 3.03811
