
************
-sigma           = 10
-PSNR_basic      = 36.313
-RMSE_basic      = 3.89845
-PSNR            = 36.2735
-RMSE            = 3.91619

-PSNR_basic_bias = 37.4666
-RMSE_basic_bias = 3.41357
-PSNR_bias       = 38.4787
-RMSE_bias       = 3.03811
