
************
-sigma           = 30
-PSNR_basic      = 31.0039
-RMSE_basic      = 7.18369
-PSNR            = 31.716
-RMSE            = 6.61817

