
************
-sigma           = 30
-PSNR_basic      = 30.2978
-RMSE_basic      = 7.79204
-PSNR            = 30.7992
-RMSE            = 7.35495

