
************
-sigma           = 10
-PSNR_basic      = 36.3295
-RMSE_basic      = 3.89102
-PSNR            = 36.3234
-RMSE            = 3.89377

-PSNR_basic_bias = 37.4666
-RMSE_basic_bias = 3.41357
-PSNR_bias       = 38.4787
-RMSE_bias       = 3.03811
