
************
-sigma           = 30
-PSNR_basic      = 35.342
-RMSE_basic      = 4.35954
-PSNR            = 37.335
-RMSE            = 3.46571

