
************
-sigma           = 10
-PSNR_basic      = 36.3182
-RMSE_basic      = 3.8961
-PSNR            = 36.2928
-RMSE            = 3.90752

-PSNR_basic_bias = 37.4666
-RMSE_basic_bias = 3.41357
-PSNR_bias       = 38.4787
-RMSE_bias       = 3.03811
