
************
-sigma           = 10
-PSNR_basic      = 36.3332
-RMSE_basic      = 3.8894
-PSNR            = 36.3252
-RMSE            = 3.89296

-PSNR_basic_bias = 37.4666
-RMSE_basic_bias = 3.41357
-PSNR_bias       = 38.4787
-RMSE_bias       = 3.03811
