
************
-sigma           = 10
-PSNR_basic      = 5.16528
-RMSE_basic      = 140.694
-PSNR            = 5.16528
-RMSE            = 140.694

-PSNR_basic_bias = 5.16528
-RMSE_basic_bias = 140.694
-PSNR_bias       = 5.16528
-RMSE_bias       = 140.694
