
************
-sigma           = 10
-PSNR_basic      = 36.2858
-RMSE_basic      = 3.91068
-PSNR            = 36.3068
-RMSE            = 3.9012

-PSNR_basic_bias = 37.4666
-RMSE_basic_bias = 3.41357
-PSNR_bias       = 38.4787
-RMSE_bias       = 3.03811
