
************
-sigma           = 10
-PSNR_basic      = 34.7378
-RMSE_basic      = 4.67359
-PSNR            = 34.9669
-RMSE            = 4.55192

