
************
-sigma           = 30
-PSNR_basic      = 29.4231
-RMSE_basic      = 8.61757
-PSNR            = 29.8483
-RMSE            = 8.20591

