
************
-sigma           = 30
-PSNR_basic      = 29.3779
-RMSE_basic      = 8.66251
-PSNR            = 29.7915
-RMSE            = 8.25967

