
************
-sigma           = 30
-PSNR_basic      = 30.2192
-RMSE_basic      = 7.86289
-PSNR            = 30.7267
-RMSE            = 7.41659

