
************
-sigma           = 1
-PSNR_basic      = 48.0639
-RMSE_basic      = 1.00773
-PSNR            = 37.9952
-RMSE            = 3.21205

