
************
-sigma           = 10
-PSNR_basic      = 36.9514
-RMSE_basic      = 3.62217
-PSNR            = 36.9329
-RMSE            = 3.62992

