
************
-sigma           = 30
-PSNR_basic      = 28.6815
-RMSE_basic      = 9.38571
-PSNR            = 28.921
-RMSE            = 9.13043

