
************
-sigma           = 30
-PSNR_basic      = 29.2421
-RMSE_basic      = 8.79907
-PSNR            = 29.4829
-RMSE            = 8.55845

