
************
-sigma           = 10
-PSNR_basic      = 33.2368
-RMSE_basic      = 5.55522
-PSNR            = 32.9233
-RMSE            = 5.75937

