
************
-sigma           = 10
-PSNR_basic      = 32.801
-RMSE_basic      = 5.84104
-PSNR            = 32.6467
-RMSE            = 5.94572

