
************
-sigma           = 10
-PSNR_basic      = 33.3647
-RMSE_basic      = 5.47399
-PSNR            = 33.1385
-RMSE            = 5.61846

