
************
-sigma           = 10
-PSNR_basic      = 32.983
-RMSE_basic      = 5.71993
-PSNR            = 32.9184
-RMSE            = 5.76265

