
************
-sigma           = 30
-PSNR_basic      = 31.0145
-RMSE_basic      = 7.17492
-PSNR            = 31.733
-RMSE            = 6.60528

