
************
-sigma           = 30
-PSNR_basic      = 31.0348
-RMSE_basic      = 7.15815
-PSNR            = 31.7262
-RMSE            = 6.61046

