
************
-sigma           = 30
-PSNR_basic      = 31.0116
-RMSE_basic      = 7.17729
-PSNR            = 31.7175
-RMSE            = 6.61709

