
************
-sigma           = 30
-PSNR_basic      = 30.9493
-RMSE_basic      = 7.22891
-PSNR            = 31.6711
-RMSE            = 6.65249

