
************
-sigma           = 30
-PSNR_basic      = 30.9594
-RMSE_basic      = 7.22053
-PSNR            = 31.6683
-RMSE            = 6.65463

