
************
-sigma           = 30
-PSNR_basic      = 30.9556
-RMSE_basic      = 7.22371
-PSNR            = 31.612
-RMSE            = 6.69793

