
************
-sigma           = 30
-PSNR_basic      = 31.0528
-RMSE_basic      = 7.14335
-PSNR            = 31.6894
-RMSE            = 6.63847

