
************
-sigma           = 30
-PSNR_basic      = 30.9935
-RMSE_basic      = 7.19225
-PSNR            = 31.6595
-RMSE            = 6.66137

