
************
-sigma           = 30
-PSNR_basic      = 30.931
-RMSE_basic      = 7.24423
-PSNR            = 31.6256
-RMSE            = 6.68741

