
************
-sigma           = 30
-PSNR_basic      = 30.9923
-RMSE_basic      = 7.19323
-PSNR            = 31.689
-RMSE            = 6.63879

