
************
-sigma           = 30
-PSNR_basic      = 30.9473
-RMSE_basic      = 7.23065
-PSNR            = 31.6599
-RMSE            = 6.66105

