
************
-sigma           = 30
-PSNR_basic      = 30.8981
-RMSE_basic      = 7.27165
-PSNR            = 31.5973
-RMSE            = 6.70924

