
************
-sigma           = 30
-PSNR_basic      = 30.958
-RMSE_basic      = 7.22175
-PSNR            = 31.6633
-RMSE            = 6.65846

