
************
-sigma           = 30
-PSNR_basic      = 30.9847
-RMSE_basic      = 7.19957
-PSNR            = 31.6594
-RMSE            = 6.66149

