
************
-sigma           = 30
-PSNR_basic      = 30.9012
-RMSE_basic      = 7.26911
-PSNR            = 31.589
-RMSE            = 6.71568

