
************
-sigma           = 30
-PSNR_basic      = 30.9503
-RMSE_basic      = 7.22816
-PSNR            = 31.6533
-RMSE            = 6.66619

