
************
-sigma           = 30
-PSNR_basic      = 30.97
-RMSE_basic      = 7.21178
-PSNR            = 31.6551
-RMSE            = 6.66477

