
************
-sigma           = 30
-PSNR_basic      = 30.9748
-RMSE_basic      = 7.20774
-PSNR            = 31.6853
-RMSE            = 6.64165

