
************
-sigma           = 30
-PSNR_basic      = 30.9242
-RMSE_basic      = 7.24983
-PSNR            = 31.6166
-RMSE            = 6.69435

