
************
-sigma           = 30
-PSNR_basic      = 30.9005
-RMSE_basic      = 7.26966
-PSNR            = 31.6015
-RMSE            = 6.70605

