
************
-sigma           = 30
-PSNR_basic      = 30.9731
-RMSE_basic      = 7.20917
-PSNR            = 31.6534
-RMSE            = 6.66608

