
************
-sigma           = 30
-PSNR_basic      = 31.0395
-RMSE_basic      = 7.15429
-PSNR            = 31.7551
-RMSE            = 6.58848

