
************
-sigma           = 1
-PSNR_basic      = 59.3919
-RMSE_basic      = 0.273491
-PSNR            = 47.1844
-RMSE            = 1.11512

