
************
-sigma           = 1
-PSNR_basic      = 60.9808
-RMSE_basic      = 0.227772
-PSNR            = 47.7546
-RMSE            = 1.04426

