
************
-sigma           = 1
-PSNR_basic      = 55.0602
-RMSE_basic      = 0.450329
-PSNR            = 40.8062
-RMSE            = 2.32397

