
************
-sigma           = 1
-PSNR_basic      = 56.846
-RMSE_basic      = 0.36664
-PSNR            = 40.1901
-RMSE            = 2.49479

