
************
-sigma           = 1
-PSNR_basic      = 48.3842
-RMSE_basic      = 0.971248
-PSNR            = 43.3555
-RMSE            = 1.73286

