
************
-sigma           = 1
-PSNR_basic      = 48.3038
-RMSE_basic      = 0.980275
-PSNR            = 43.4078
-RMSE            = 1.72246

