
************
-sigma           = 30
-PSNR_basic      = 32.2418
-RMSE_basic      = 6.22944
-PSNR            = 33.1794
-RMSE            = 5.59207

