
************
-sigma           = 10
-PSNR_basic      = 42.8501
-RMSE_basic      = 1.83669
-PSNR            = 43.1514
-RMSE            = 1.77406

