
************
-sigma           = 10
-PSNR_basic      = 40.3023
-RMSE_basic      = 2.46277
-PSNR            = 42.032
-RMSE            = 2.01809

