
************
-sigma           = 1
-PSNR_basic      = 48.366
-RMSE_basic      = 0.97329
-PSNR            = 41.8301
-RMSE            = 2.06555

