
************
-sigma           = 1
-PSNR_basic      = 48.4427
-RMSE_basic      = 0.964732
-PSNR            = 41.688
-RMSE            = 2.09963

