
************
-sigma           = 10
-PSNR_basic      = 30.4252
-RMSE_basic      = 7.67859
-PSNR            = 29.9993
-RMSE            = 8.06443

