
************
-sigma           = 10
-PSNR_basic      = 39.3371
-RMSE_basic      = 2.75222
-PSNR            = 38.0332
-RMSE            = 3.19803

