
************
-sigma           = 10
-PSNR_basic      = 40.3686
-RMSE_basic      = 2.44404
-PSNR            = 39.3668
-RMSE            = 2.74284

