
************
-sigma           = 30
-PSNR_basic      = 31.9435
-RMSE_basic      = 6.44712
-PSNR            = 31.5992
-RMSE            = 6.70779

