
************
-sigma           = 30
-PSNR_basic      = 30.0446
-RMSE_basic      = 8.02253
-PSNR            = 30.7288
-RMSE            = 7.41481

