
************
-sigma           = 10
-PSNR_basic      = 32.6585
-RMSE_basic      = 5.93766
-PSNR            = 32.907
-RMSE            = 5.77021

