
************
-sigma           = 10
-PSNR_basic      = 33.0987
-RMSE_basic      = 5.64424
-PSNR            = 33.1389
-RMSE            = 5.61815

