
************
-sigma           = 1
-PSNR_basic      = 48.231
-RMSE_basic      = 0.988529
-PSNR            = 43.0928
-RMSE            = 1.78607

