
************
-sigma           = 1
-PSNR_basic      = 48.1745
-RMSE_basic      = 0.994977
-PSNR            = 43.2491
-RMSE            = 1.75422

