
************
-sigma           = 1
-PSNR_basic      = 48.1604
-RMSE_basic      = 0.996594
-PSNR            = 43.2386
-RMSE            = 1.75635

