
************
-sigma           = 10
-PSNR_basic      = 34.826
-RMSE_basic      = 4.62639
-PSNR            = 35.0249
-RMSE            = 4.52163

