
************
-sigma           = 10
-PSNR_basic      = 34.7609
-RMSE_basic      = 4.66118
-PSNR            = 34.9849
-RMSE            = 4.54249

