
************
-sigma           = 1
-PSNR_basic      = 59.7623
-RMSE_basic      = 0.262076
-PSNR            = 42.4757
-RMSE            = 1.91758

