
************
-sigma           = 1
-PSNR_basic      = 58.9626
-RMSE_basic      = 0.28735
-PSNR            = 41.7158
-RMSE            = 2.09291

