
************
-sigma           = 1
-PSNR_basic      = 48.567
-RMSE_basic      = 0.951017
-PSNR            = 44.1161
-RMSE            = 1.58757

