
************
-sigma           = 1
-PSNR_basic      = 48.673
-RMSE_basic      = 0.939488
-PSNR            = 44.0567
-RMSE            = 1.59846

