
************
-sigma           = 1
-PSNR_basic      = 48.5468
-RMSE_basic      = 0.953232
-PSNR            = 44.1203
-RMSE            = 1.58681

