
************
-sigma           = 30
-PSNR_basic      = 36.4317
-RMSE_basic      = 3.84554
-PSNR            = 39.4286
-RMSE            = 2.72338

